- name:         D1   # added
  D1:            -0.12
  D2:            -0.36
  FSN:           -6.6
  GPTA:          -0.35
  ext:           0.45   #0.46
 
- name:                   D2
  FSN:           -4.800000000000001
  D2:            -0.2
  ext:           0.45
  D1:            -0.3                # added
  GPTA:          -0.61               # added

- name:         FSN
  GPTI:          -1.6
  FSN:           -0.5
  ext:           0.5
  GPTA:          -1.85               # added

- name:         GPTI
  D2:            -1.2800000000000002
  STN:           0.42
  GPTI:          -1.2
  ext:           0.25
  GPTA:          -1.2                # added

- name:         GPTA                 # added
  GPTA:          -0.35
  GPTI:          -0.35
  STN:           0.13
  ext:           0.15

- name:         STN
  GPTI:          -0.08
  ext:           0.25
